00003   1   10003   3   20215   5   31215   1   40242   4
00012   2   10004   0   20235   3   31223   1   40252   0
00013   1   10033   0   20252   5   31233   1   40325   5
00015   2   10043   1   2       2   31235   5   35231   1   4       3
00025   5   10321   3   30001   0   31432   1   50022   5
00031   5   11253   1   30003   0   31452   5   50032   5
00032   3   12453   3   30011   0   3       3   50212   4
00042   2   1       4   30012   1               50222   0
0       0   20000   0   30121   1   40003   5   50322   0
            20015   5   30123   1   40043   4   5       2
10000   0   20022   0   31122   1   40212   4
10001   0   20202   0   31123   1   40232   4 
