104104
101301
100414
314001
411033
100045
113001
345011
500033
400313
000547
000057
403103
307141
700337
000777
141004
133011
377711
700037
730007
070077
301401
107131
707110
700770
431003
111044
177711
770711
717000
101301
100414
314001
411033
101044
100011
104104
400313
113001
344011
401033
100045
403103
300141
000507
141004
133011
305011
500033
000057
050007
101301
100414
707100
700770
314001
411033
101044
177711
770711
747000
770070
103011
304011
007104
004445
407103
707141
141044
431033
305141
140414
400101
